DATE,COURSE,STUDY LOCATION,TOTAL MINUTES STUDIED,09.00 - 12.00,12.00 - 17.00,17.00 - 21.00,21.00 - 00.00,00.00 - 03.00
7.10.2024,CS303,Room,140,0,0,0,140,0
8.10.2024,CS303,,0,0,0,0,0,0
9.10.2024,CS303,,0,0,0,0,0,0
10.10.2024,CS303,,0,0,0,0,0,0
11.10.2024,CS303,,0,0,0,0,0,0
12.10.2024,CS303,,0,0,0,0,0,0
13.10.2024,CS303,,0,0,0,0,0,0
14.10.2024,CS303,,0,0,0,0,0,0
15.10.2024,CS303,IC,162,145,17,0,0,0
16.10.2024,CS303,,0,0,0,0,0,0
17.10.2024,CS303,,0,0,0,0,0,0
18.10.2024,CS303,Room,94,43,33,18,0,0
19.10.2024,CS303,,0,0,0,0,0,0
20.10.2024,CS303,,0,0,0,0,0,0
21.10.2024,CS303,,0,0,0,0,0,0
22.10.2024,CS303,,0,0,0,0,0,0
23.10.2024,CS303,,0,0,0,0,0,0
24.10.2024,CS303,IC,132,104,28,0,0,0
25.10.2024,CS303,,0,0,0,0,0,0
26.10.2024,CS303,,0,0,0,0,0,0
27.10.2024,CS303,,0,0,0,0,0,0
28.10.2024,CS303,,0,0,0,0,0,0
29.10.2024,CS303,,0,0,0,0,0,0
30.10.2024,CS303,IC,198,36,161,1,0,0
31.10.2024,CS303,,0,0,0,0,0,0
1.11.2024,CS303,Room,239,61,126,52,0,0
2.11.2024,CS303,,0,0,0,0,0,0
3.11.2024,CS303,,0,0,0,0,0,0
4.11.2024,CS303,,0,0,0,0,0,0
5.11.2024,CS303,,0,0,0,0,0,0
6.11.2024,CS303,,0,0,0,0,0,0
7.11.2024,CS303,,0,0,0,0,0,0
8.11.2024,CS303,,0,0,0,0,0,0
9.11.2024,CS303,,0,0,0,0,0,0
10.11.2024,CS303,,0,0,0,0,0,0
11.11.2024,CS303,,0,0,0,0,0,0
12.11.2024,CS303,,0,0,0,0,0,0
13.11.2024,CS303,Room,168,54,41,71,2,0
14.11.2024,CS303,,0,0,0,0,0,0
15.11.2024,CS303,,0,0,0,0,0,0
16.11.2024,CS303,,0,0,0,0,0,0
17.11.2024,CS303,,0,0,0,0,0,0
18.11.2024,CS303,Room,101,83,18,0,0,0
19.11.2024,CS303,Room,30,30,0,0,0,0
20.11.2024,CS303,,0,0,0,0,0,0
21.11.2024,CS303,Room,134,107,27,0,0,0
22.11.2024,CS303,Room,173,63,36,51,23,0
23.11.2024,CS303,,0,0,0,0,0,0
24.11.2024,CS303,,0,0,0,0,0,0
25.11.2024,CS303,,0,0,0,0,0,0
26.11.2024,CS303,,0,0,0,0,0,0
27.11.2024,CS303,,0,0,0,0,0,0
28.11.2024,CS303,,0,0,0,0,0,0
29.11.2024,CS303,,0,0,0,0,0,0
30.11.2024,CS303,,0,0,0,0,0,0
1.12.2024,CS303,,0,0,0,0,0,0
2.12.2024,CS303,,0,0,0,0,0,0
3.12.2024,CS303,Room,134,72,60,2,0,0
4.12.2024,CS303,,0,0,0,0,0,0
5.12.2024,CS303,IC,143,0,0,60,83,0
6.12.2024,CS303,,0,0,0,0,0,0
7.12.2024,CS303,,0,0,0,0,0,0
8.12.2024,CS303,Room,135,131,4,0,0,0
9.12.2024,CS303,,0,0,0,0,0,0
10.12.2024,CS303,IC,240,0,0,0,126,114
11.12.2024,CS303,IC,284,0,0,0,150,134
12.12.2024,CS303,Room,190,0,0,0,60,130
13.12.2024,CS303,Room,183,0,42,0,141,0
14.12.2024,CS303,,0,0,0,0,0,0
15.12.2024,CS303,,0,0,0,0,0,0
16.12.2024,CS303,,0,0,0,0,0,0
17.12.2024,CS303,,0,0,0,0,0,0
18.12.2024,CS303,,0,0,0,0,0,0
19.12.2024,CS303,,0,0,0,0,0,0
20.12.2024,CS303,,0,0,0,0,0,0
21.12.2024,CS303,IC,177,71,32,70,4,0
22.12.2024,CS303,,0,0,0,0,0,0
23.12.2024,CS303,,0,0,0,0,0,0
24.12.2024,CS303,IC,92,0,0,0,0,92
25.12.2024,CS303,IC,200,0,0,0,85,115
26.12.2024,CS303,IC,264,0,0,0,120,144
27.12.2024,CS303,IC,139,0,0,0,11,128
28.12.2024,CS303,,0,0,0,0,0,0
29.12.2024,CS303,IC,85,0,0,0,0,85
30.12.2024,CS303,,0,0,0,0,0,0
31.12.2024,CS303,,0,0,0,0,0,0
1.01.2025,CS303,,0,0,0,0,0,0
2.01.2025,CS303,IC,210,0,0,21,103,86
3.01.2025,CS303,,0,0,0,0,0,0
4.01.2025,CS303,,0,0,0,0,0,0
5.01.2025,CS303,,0,0,0,0,0,0
6.01.2025,CS303,,0,0,0,0,0,0
